# Created by Octave 5.1.0, Wed Jun 19 02:20:42 2019 GMT <unknown@DESKTOP-CFK5EOT>
# name: acc_offset
# type: matrix
# rows: 6
# columns: 1
 5.6804474066945589
 13.827291777133711
 5.8449265267507577
 12.519114500034027
 0.46976408511263612
 14.339485981748547


# name: acc_data
# type: matrix
# rows: 5000
# columns: 3
 61 -56 -97
 61 -56 -97
 61 -56 -97
 62 -53 -100
 62 -53 -100
 62 -53 -100
 63 -56 -99
 63 -56 -99
 63 -56 -99
 68 -58 -105
 68 -58 -105
 68 -58 -105
 71 -61 -105
 71 -61 -105
 71 -61 -105
 71 -58 -105
 71 -58 -105
 71 -58 -105
 72 -58 -103
 72 -58 -103
 72 -58 -103
 73 -56 -102
 73 -56 -102
 73 -56 -102
 72 -55 -100
 72 -55 -100
 72 -55 -100
 71 -52 -102
 71 -52 -102
 71 -52 -102
 67 -49 -104
 67 -49 -104
 67 -49 -104
 65 -45 -109
 65 -45 -109
 65 -45 -109
 63 -43 -110
 63 -43 -110
 63 -43 -110
 64 -42 -107
 64 -42 -107
 64 -42 -107
 65 -40 -103
 65 -40 -103
 65 -40 -103
 65 -39 -103
 65 -39 -103
 65 -39 -103
 62 -36 -106
 62 -36 -106
 62 -36 -106
 60 -35 -111
 60 -35 -111
 60 -35 -111
 59 -34 -113
 59 -34 -113
 59 -34 -113
 57 -31 -115
 57 -31 -115
 57 -31 -115
 58 -32 -115
 58 -32 -115
 58 -32 -115
 58 -31 -115
 58 -31 -115
 58 -31 -115
 59 -31 -114
 59 -31 -114
 59 -31 -114
 61 -31 -115
 61 -31 -115
 61 -31 -115
 61 -32 -118
 61 -32 -118
 61 -32 -118
 62 -33 -117
 62 -33 -117
 62 -33 -117
 61 -31 -119
 61 -31 -119
 61 -31 -119
 57 -29 -118
 57 -29 -118
 57 -29 -118
 52 -24 -122
 52 -24 -122
 52 -24 -122
 48 -22 -122
 48 -22 -122
 48 -22 -122
 49 -19 -121
 49 -19 -121
 49 -19 -121
 51 -20 -116
 51 -20 -116
 51 -20 -116
 53 -27 -116
 53 -27 -116
 53 -27 -116
 55 -28 -121
 55 -28 -121
 55 -28 -121
 50 -29 -126
 50 -29 -126
 50 -29 -126
 45 -28 -129
 45 -28 -129
 45 -28 -129
 45 -26 -128
 45 -26 -128
 45 -26 -128
 42 -25 -127
 42 -25 -127
 42 -25 -127
 39 -22 -123
 39 -22 -123
 39 -22 -123
 40 -21 -119
 40 -21 -119
 40 -21 -119
 39 -22 -122
 39 -22 -122
 39 -22 -122
 34 -20 -125
 34 -20 -125
 34 -20 -125
 35 -24 -130
 35 -24 -130
 35 -24 -130
 34 -26 -133
 34 -26 -133
 34 -26 -133
 36 -27 -132
 36 -27 -132
 36 -27 -132
 37 -31 -128
 37 -31 -128
 37 -31 -128
 34 -30 -127
 34 -30 -127
 34 -30 -127
 31 -27 -128
 31 -27 -128
 31 -27 -128
 23 -24 -126
 23 -24 -126
 23 -24 -126
 19 -20 -125
 19 -20 -125
 19 -20 -125
 18 -21 -124
 18 -21 -124
 18 -21 -124
 17 -21 -121
 17 -21 -121
 17 -21 -121
 15 -23 -129
 15 -23 -129
 15 -23 -129
 14 -24 -135
 14 -24 -135
 14 -24 -135
 21 -32 -138
 21 -32 -138
 21 -32 -138
 22 -33 -135
 22 -33 -135
 22 -33 -135
 18 -32 -133
 18 -32 -133
 18 -32 -133
 7 -26 -130
 7 -26 -130
 7 -26 -130
 1 -21 -125
 1 -21 -125
 1 -21 -125
 -4 -20 -119
 -4 -20 -119
 -4 -20 -119
 0 -25 -118
 0 -25 -118
 0 -25 -118
 1 -30 -123
 1 -30 -123
 1 -30 -123
 2 -33 -129
 2 -33 -129
 2 -33 -129
 0 -33 -135
 0 -33 -135
 0 -33 -135
 1 -34 -137
 1 -34 -137
 1 -34 -137
 6 -40 -134
 6 -40 -134
 6 -40 -134
 7 -44 -133
 7 -44 -133
 7 -44 -133
 2 -43 -134
 2 -43 -134
 2 -43 -134
 -6 -38 -134
 -6 -38 -134
 -6 -38 -134
 -15 -34 -136
 -15 -34 -136
 -15 -34 -136
 -17 -34 -135
 -17 -34 -135
 -17 -34 -135
 -14 -37 -132
 -14 -37 -132
 -14 -37 -132
 -14 -40 -130
 -14 -40 -130
 -14 -40 -130
 -14 -39 -129
 -14 -39 -129
 -14 -39 -129
 -15 -40 -128
 -15 -40 -128
 -15 -40 -128
 -18 -38 -127
 -18 -38 -127
 -18 -38 -127
 -20 -36 -123
 -20 -36 -123
 -20 -36 -123
 -21 -39 -121
 -21 -39 -121
 -21 -39 -121
 -23 -41 -124
 -23 -41 -124
 -23 -41 -124
 -23 -44 -128
 -23 -44 -128
 -23 -44 -128
 -25 -47 -130
 -25 -47 -130
 -25 -47 -130
 -27 -46 -130
 -27 -46 -130
 -27 -46 -130
 -27 -49 -129
 -27 -49 -129
 -27 -49 -129
 -26 -51 -128
 -26 -51 -128
 -26 -51 -128
 -31 -48 -128
 -31 -48 -128
 -31 -48 -128
 -35 -45 -127
 -35 -45 -127
 -35 -45 -127
 -37 -44 -128
 -37 -44 -128
 -37 -44 -128
 -40 -43 -127
 -40 -43 -127
 -40 -43 -127
 -40 -45 -130
 -40 -45 -130
 -40 -45 -130
 -38 -51 -133
 -38 -51 -133
 -38 -51 -133
 -39 -55 -139
 -39 -55 -139
 -39 -55 -139
 -43 -57 -142
 -43 -57 -142
 -43 -57 -142
 -45 -60 -142
 -45 -60 -142
 -45 -60 -142
 -43 -60 -133
 -43 -60 -133
 -43 -60 -133
 -42 -61 -124
 -42 -61 -124
 -42 -61 -124
 -39 -65 -117
 -39 -65 -117
 -39 -65 -117
 -39 -65 -117
 -40 -69 -117
 -40 -69 -117
 -40 -69 -117
 -44 -67 -112
 -44 -67 -112
 -44 -67 -112
 -50 -64 -104
 -50 -64 -104
 -50 -64 -104
 -54 -62 -98
 -54 -62 -98
 -54 -62 -98
 -57 -60 -87
 -57 -60 -87
 -57 -60 -87
 -56 -63 -83
 -56 -63 -83
 -56 -63 -83
 -58 -68 -83
 -58 -68 -83
 -58 -68 -83
 -62 -69 -83
 -62 -69 -83
 -62 -69 -83
 -59 -72 -85
 -59 -72 -85
 -59 -72 -85
 -58 -75 -83
 -58 -75 -83
 -58 -75 -83
 -51 -81 -81
 -51 -81 -81
 -51 -81 -81
 -52 -83 -78
 -52 -83 -78
 -52 -83 -78
 -53 -83 -68
 -53 -83 -68
 -53 -83 -68
 -54 -80 -60
 -54 -80 -60
 -54 -80 -60
 -55 -83 -48
 -55 -83 -48
 -55 -83 -48
 -56 -82 -45
 -56 -82 -45
 -56 -82 -45
 -59 -82 -43
 -59 -82 -43
 -59 -82 -43
 -62 -85 -42
 -62 -85 -42
 -62 -85 -42
 -65 -86 -36
 -65 -86 -36
 -65 -86 -36
 -67 -85 -30
 -67 -85 -30
 -67 -85 -30
 -69 -85 -19
 -69 -85 -19
 -69 -85 -19
 -67 -88 -13
 -67 -88 -13
 -67 -88 -13
 -65 -93 -5
 -65 -93 -5
 -65 -93 -5
 -62 -99 -3
 -62 -99 -3
 -62 -99 -3
 -52 -112 -7
 -52 -112 -7
 -52 -112 -7
 -43 -121 -14
 -43 -121 -14
 -43 -121 -14
 -46 -120 -15
 -46 -120 -15
 -46 -120 -15
 -54 -109 -15
 -54 -109 -15
 -54 -109 -15
 -62 -101 -12
 -62 -101 -12
 -62 -101 -12
 -67 -98 -4
 -67 -98 -4
 -67 -98 -4
 -64 -104 -9
 -64 -104 -9
 -64 -104 -9
 -67 -103 -5
 -67 -103 -5
 -67 -103 -5
 -68 -100 -2
 -68 -100 -2
 -68 -100 -2
 -67 -101 6
 -67 -101 6
 -67 -101 6
 -60 -107 17
 -60 -107 17
 -60 -107 17
 -48 -119 19
 -48 -119 19
 -48 -119 19
 -51 -117 19
 -51 -117 19
 -51 -117 19
 -53 -116 16
 -53 -116 16
 -53 -116 16
 -57 -116 5
 -57 -116 5
 -57 -116 5
 -65 -111 -2
 -65 -111 -2
 -65 -111 -2
 -74 -101 -8
 -74 -101 -8
 -74 -101 -8
 -80 -91 0
 -80 -91 0
 -80 -91 0
 -84 -87 8
 -84 -87 8
 -84 -87 8
 -81 -86 13
 -81 -86 13
 -81 -86 13
 -63 -98 31
 -63 -98 31
 -63 -98 31
 -52 -112 37
 -52 -112 37
 -52 -112 37
 -51 -113 39
 -51 -113 39
 -51 -113 39
 -57 -109 36
 -57 -109 36
 -57 -109 36
 -70 -98 31
 -70 -98 31
 -70 -98 31
 -85 -85 27
 -85 -85 27
 -85 -85 27
 -94 -73 25
 -94 -73 25
 -94 -73 25
 -94 -63 36
 -94 -63 36
 -94 -63 36
 -65 -80 57
 -65 -80 57
 -65 -80 57
 -32 -110 63
 -32 -110 63
 -32 -110 63
 -6 -134 71
 -6 -134 71
 -6 -134 71
 -4 -143 66
 -4 -143 66
 -4 -143 66
 -22 -129 56
 -22 -129 56
 -22 -129 56
 -42 -112 48
 -42 -112 48
 -42 -112 48
 -58 -100 36
 -58 -100 36
 -58 -100 36
 -70 -86 31
 -70 -86 31
 -70 -86 31
 -78 -78 27
 -78 -78 27
 -78 -78 27
 -78 -76 29
 -78 -76 29
 -78 -76 29
 -68 -75 38
 -68 -75 38
 -68 -75 38
 -55 -81 49
 -55 -81 49
 -55 -81 49
 -35 -91 58
 -35 -91 58
 -35 -91 58
 -20 -104 68
 -20 -104 68
 -20 -104 68
 -19 -108 73
 -19 -108 73
 -19 -108 73
 -29 -102 70
 -29 -102 70
 -29 -102 70
 -35 -96 61
 -35 -96 61
 -35 -96 61
 -44 -87 54
 -44 -87 54
 -44 -87 54
 -50 -73 47
 -50 -73 47
 -50 -73 47
 -52 -59 50
 -52 -59 50
 -52 -59 50
 -32 -71 66
 -32 -71 66
 -32 -71 66
 0 -100 89
 0 -100 89
 0 -100 89
 9 -114 97
 9 -114 97
 9 -114 97
 8 -109 95
 8 -109 95
 8 -109 95
 7 -103 87
 7 -103 87
 7 -103 87
 6 -102 77
 6 -102 77
 6 -102 77
 0 -92 69
 0 -92 69
 0 -92 69
 -13 -78 63
 -13 -78 63
 -13 -78 63
 -17 -66 64
 -17 -66 64
 -17 -66 64
 -9 -65 76
 -9 -65 76
 -9 -65 76
 3 -78 82
 3 -78 82
 3 -78 82
 12 -84 89
 12 -84 89
 12 -84 89
 20 -88 90
 20 -88 90
 20 -88 90
 27 -89 86
 27 -89 86
 27 -89 86
 31 -87 83
 31 -87 83
 31 -87 83
 33 -82 84
 33 -82 84
 33 -82 84
 28 -67 82
 28 -67 82
 28 -67 82
 23 -55 87
 23 -55 87
 23 -55 87
 23 -52 95
 23 -52 95
 23 -52 95
 30 -60 101
 30 -60 101
 30 -60 101
 38 -65 105
 38 -65 105
 38 -65 105
 49 -66 100
 49 -66 100
 49 -66 100
 59 -65 97
 59 -65 97
 59 -65 97
 64 -63 94
 64 -63 94
 64 -63 94
 70 -60 95
 70 -60 95
 70 -60 95
 66 -48 96
 66 -48 96
 66 -48 96
 60 -37 94
 60 -37 94
 60 -37 94
 61 -31 93
 61 -31 93
 61 -31 93
 68 -48 98
 68 -48 98
 68 -48 98
 77 -66 99
 77 -66 99
 77 -66 99
 88 -71 92
 88 -71 92
 88 -71 92
 94 -73 78
 94 -73 78
 94 -73 78
 92 -64 69
 92 -64 69
 92 -64 69
 76 -35 79
 76 -35 79
