# Created by Octave 5.1.0, Wed Jun 19 02:18:33 2019 GMT <unknown@DESKTOP-CFK5EOT>
# name: compass_data
# type: matrix
# rows: 5000
# columns: 3
 -13 311 17
 -13 311 17
 -13 311 17
 -13 311 17
 -13 311 17
 -13 311 17
 -13 311 17
 -13 311 17
 -13 311 17
 -13 311 17
 -13 311 17
 -13 311 17
 -13 311 17
 39 364 58
 39 364 58
 39 364 58
 39 364 58
 39 364 58
 39 364 58
 39 364 58
 39 364 58
 39 364 58
 39 364 58
 39 364 58
 39 364 58
 39 364 58
 39 364 58
 39 364 58
 39 364 58
 39 364 58
 39 364 58
 39 364 58
 39 364 58
 -25 303 62
 -25 303 62
 -25 303 62
 -25 303 62
 -25 303 62
 -25 303 62
 -25 303 62
 -25 303 62
 -25 303 62
 -25 303 62
 -25 303 62
 -25 303 62
 -25 303 62
 -25 303 62
 -25 303 62
 -25 303 62
 -25 303 62
 -25 303 62
 -25 303 62
 -25 303 62
 -25 303 62
 -6 323 92
 -6 323 92
 -6 323 92
 -6 323 92
 -6 323 92
 -6 323 92
 -6 323 92
 -6 323 92
 -6 323 92
 -6 323 92
 -6 323 92
 -6 323 92
 -6 323 92
 -6 323 92
 -6 323 92
 -6 323 92
 -6 323 92
 -6 323 92
 -6 323 92
 -6 323 92
 -6 323 92
 -3 304 106
 -3 304 106
 -3 304 106
 -3 304 106
 -3 304 106
 -3 304 106
 -3 304 106
 -3 304 106
 -3 304 106
 -3 304 106
 -3 304 106
 -3 304 106
 -3 304 106
 -3 304 106
 -3 304 106
 -3 304 106
 -3 304 106
 -3 304 106
 -3 304 106
 -3 304 106
 -36 264 113
 -36 264 113
 -36 264 113
 -36 264 113
 -36 264 113
 -36 264 113
 -36 264 113
 -36 264 113
 -36 264 113
 -36 264 113
 -36 264 113
 -36 264 113
 -36 264 113
 -36 264 113
 -36 264 113
 -36 264 113
 -36 264 113
 -36 264 113
 -36 264 113
 -36 264 113
 -36 264 113
 42 321 131
 42 321 131
 42 321 131
 42 321 131
 42 321 131
 42 321 131
 42 321 131
 42 321 131
 42 321 131
 42 321 131
 42 321 131
 42 321 131
 42 321 131
 42 321 131
 42 321 131
 42 321 131
 42 321 131
 42 321 131
 42 321 131
 42 321 131
 42 321 131
 9 253 124
 9 253 124
 9 253 124
 9 253 124
 9 253 124
 9 253 124
 9 253 124
 9 253 124
 9 253 124
 9 253 124
 9 253 124
 9 253 124
 9 253 124
 9 253 124
 9 253 124
 9 253 124
 9 253 124
 9 253 124
 9 253 124
 9 253 124
 80 306 111
 80 306 111
 80 306 111
 80 306 111
 80 306 111
 80 306 111
 80 306 111
 80 306 111
 80 306 111
 80 306 111
 80 306 111
 80 306 111
 80 306 111
 80 306 111
 80 306 111
 80 306 111
 80 306 111
 80 306 111
 80 306 111
 80 306 111
 80 306 111
 87 288 97
 87 288 97
 87 288 97
 87 288 97
 87 288 97
 87 288 97
 87 288 97
 87 288 97
 87 288 97
 87 288 97
 87 288 97
 87 288 97
 87 288 97
 87 288 97
 87 288 97
 87 288 97
 87 288 97
 87 288 97
 87 288 97
 87 288 97
 87 288 97
 98 281 86
 98 281 86
 98 281 86
 98 281 86
 98 281 86
 98 281 86
 98 281 86
 98 281 86
 98 281 86
 98 281 86
 98 281 86
 98 281 86
 98 281 86
 98 281 86
 98 281 86
 98 281 86
 98 281 86
 98 281 86
 98 281 86
 98 281 86
 169 327 50
 169 327 50
 169 327 50
 169 327 50
 169 327 50
 169 327 50
 169 327 50
 169 327 50
 169 327 50
 169 327 50
 169 327 50
 169 327 50
 169 327 50
 169 327 50
 169 327 50
 169 327 50
 169 327 50
 169 327 50
 169 327 50
 169 327 50
 169 327 50
 130 270 61
 130 270 61
 130 270 61
 130 270 61
 130 270 61
 130 270 61
 130 270 61
 130 270 61
 130 270 61
 130 270 61
 130 270 61
 130 270 61
 130 270 61
 130 270 61
 130 270 61
 130 270 61
 130 270 61
 130 270 61
 130 270 61
 130 270 61
 130 270 61
 213 315 -7
 213 315 -7
 213 315 -7
 213 315 -7
 213 315 -7
 213 315 -7
 213 315 -7
 213 315 -7
 213 315 -7
 213 315 -7
 213 315 -7
 213 315 -7
 213 315 -7
 213 315 -7
 213 315 -7
 213 315 -7
 213 315 -7
 213 315 -7
 213 315 -7
 213 315 -7
 206 293 -30
 206 293 -30
 206 293 -30
 206 293 -30
 206 293 -30
 206 293 -30
 206 293 -30
 206 293 -30
 206 293 -30
 206 293 -30
 206 293 -30
 206 293 -30
 206 293 -30
 206 293 -30
 206 293 -30
 206 293 -30
 206 293 -30
 206 293 -30
 206 293 -30
 206 293 -30
 206 293 -30
 248 285 -119
 248 285 -119
 248 285 -119
 248 285 -119
 248 285 -119
 248 285 -119
 248 285 -119
 248 285 -119
 248 285 -119
 248 285 -119
 248 285 -119
 248 285 -119
 248 285 -119
 248 285 -119
 248 285 -119
 248 285 -119
 248 285 -119
 248 285 -119
 248 285 -119
 248 285 -119
 248 285 -119
 248 285 -119
 248 285 -119
 248 285 -119
 248 285 -119
 248 285 -119
 248 285 -119
 248 285 -119
 248 285 -119
 248 285 -119
 248 285 -119
 248 285 -119
 248 285 -119
 248 285 -119
 248 285 -119
 248 285 -119
 248 285 -119
 248 285 -119
 248 285 -119
 248 285 -119
 248 285 -119
 281 201 -215
 281 201 -215
 281 201 -215
 281 201 -215
 281 201 -215
 281 201 -215
 281 201 -215
 281 201 -215
 281 201 -215
 281 201 -215
 281 201 -215
 281 201 -215
 281 201 -215
 281 201 -215
 281 201 -215
 281 201 -215
 281 201 -215
 281 201 -215
 281 201 -215
 281 201 -215
 281 201 -215
 360 120 -263
 360 120 -263
 360 120 -263
 360 120 -263
 360 120 -263
 360 120 -263
 360 120 -263
 360 120 -263
 360 120 -263
 360 120 -263
 360 120 -263
 360 120 -263
 360 120 -263
 360 120 -263
 360 120 -263
 360 120 -263
 360 120 -263
 360 120 -263
 360 120 -263
 360 120 -263
 360 120 -263
 360 120 -263
 360 120 -263
 360 120 -263
 360 120 -263
 360 120 -263
 360 120 -263
 360 120 -263
 360 120 -263
 360 120 -263
 360 120 -263
 360 120 -263
 360 120 -263
 360 120 -263
 360 120 -263
 360 120 -263
 360 120 -263
 360 120 -263
 360 120 -263
 360 120 -263
 360 120 -263
 387 62 -235
 387 62 -235
 387 62 -235
 387 62 -235
 387 62 -235
 387 62 -235
 387 62 -235
 387 62 -235
 387 62 -235
 387 62 -235
 387 62 -235
 387 62 -235
 387 62 -235
 387 62 -235
 387 62 -235
 387 62 -235
 387 62 -235
 387 62 -235
 387 62 -235
 387 62 -235
 387 62 -235
 399 52 -214
 399 52 -214
 399 52 -214
 399 52 -214
 399 52 -214
 399 52 -214
 399 52 -214
 399 52 -214
 399 52 -214
 399 52 -214
 399 52 -214
 399 52 -214
 399 52 -214
 399 52 -214
 399 52 -214
 399 52 -214
 399 52 -214
 399 52 -214
 399 52 -214
 399 52 -214
 399 89 -214
 365 89 -212
 365 89 -212
 365 89 -212
 365 89 -212
 365 89 -212
 365 89 -212
 365 89 -212
 365 89 -212
 365 89 -212
 365 89 -212
 365 89 -212
 365 89 -212
 365 89 -212
 365 89 -212
 365 89 -212
 365 89 -212
 365 89 -212
 365 89 -212
 365 89 -212
 365 89 -212
 423 75 -170
 423 75 -170
 423 75 -170
 423 75 -170
 423 75 -170
 423 75 -170
 423 75 -170
 423 75 -170
 423 75 -170
 423 75 -170
 423 75 -170
 423 75 -170
 423 75 -170
 423 75 -170
 423 75 -170
 423 75 -170
 423 75 -170
 423 75 -170
 423 75 -170
 423 75 -170
 423 75 -170
 348 139 -192
 348 139 -192
 348 139 -192
 348 139 -192
 348 139 -192
 348 139 -192
 348 139 -192
 348 139 -192
 348 139 -192
 348 139 -192
 348 139 -192
 348 139 -192
 348 139 -192
 348 139 -192
 348 139 -192
 348 139 -192
 348 139 -192
 348 139 -192
 348 139 -192
 348 139 -192
 348 187 -172
 354 187 -172
 354 187 -172
 354 187 -172
 354 187 -172
 354 187 -172
 354 187 -172
 354 187 -172
 354 187 -172
 354 187 -172
 354 187 -172
 354 187 -172
 354 187 -172
 354 187 -172
 354 187 -172
 354 187 -172
 354 187 -172
 354 187 -172
 354 187 -172
 354 187 -172
 354 187 -172
 289 228 -201
 289 228 -201
 289 228 -201
 289 228 -201
 289 228 -201
 289 228 -201
 289 228 -201
 289 228 -201
 289 228 -201
 289 228 -201
 289 228 -201
 289 228 -201
 289 228 -201
 289 228 -201
 289 228 -201
 289 228 -201
 289 228 -201
 289 228 -201
 289 228 -201
 289 228 -201
 289 228 -201
 216 260 -219
 216 260 -219
 216 260 -219
 216 260 -219
 216 260 -219
 216 260 -219
 216 260 -219
 216 260 -219
 216 260 -219
 216 260 -219
 216 260 -219
 216 260 -219
 216 260 -219
 216 260 -219
 216 260 -219
 216 260 -219
 216 260 -219
 216 260 -219
 216 260 -219
 216 260 -219
 172 325 -211
 172 325 -211
 172 325 -211
 172 325 -211
 172 325 -211
 172 325 -211
 172 325 -211
 172 325 -211
 172 325 -211
 172 325 -211
 172 325 -211
 172 325 -211
 172 325 -211
 172 325 -211
 172 325 -211
 172 325 -211
 172 325 -211
 172 325 -211
 172 325 -211
 172 325 -211
 172 325 -211
 63 258 -281
 63 258 -281
 63 258 -281
 63 258 -281
 63 258 -281
 63 258 -281
 63 258 -281
 63 258 -281
 63 258 -281
 63 258 -281
 63 258 -281
 63 258 -281
 63 258 -281
 63 258 -281
 63 258 -281
 63 258 -281
 63 258 -281
 63 258 -281
 63 258 -281
 63 258 -281
 63 258 -281
 2 310 -272
 2 310 -272
 2 310 -272
 2 310 -272
