# Created by Octave 5.1.0, Wed Jun 19 01:41:29 2019 GMT <unknown@DESKTOP-CFK5EOT>
# name: compass_data
# type: matrix
# rows: 1000
# columns: 3
 445 -120 -172
 445 -120 -172
 445 -120 -172
 445 -120 -172
 445 -120 -172
 445 -120 -172
 445 -120 -172
 445 -120 -172
 445 -120 -172
 445 -120 -172
 445 -120 -172
 445 -120 -172
 445 -120 -172
 445 -120 -172
 460 -115 -178
 460 -115 -178
 460 -115 -178
 460 -115 -178
 460 -115 -178
 460 -115 -178
 460 -115 -178
 460 -115 -178
 460 -115 -178
 460 -115 -178
 460 -115 -178
 460 -115 -178
 460 -115 -178
 460 -115 -178
 460 -115 -178
 460 -115 -178
 460 -115 -178
 460 -115 -178
 460 -115 -178
 460 -115 -178
 440 -121 -171
 440 -121 -171
 440 -121 -171
 440 -121 -171
 440 -121 -171
 440 -121 -171
 440 -121 -171
 440 -121 -171
 440 -121 -171
 440 -121 -171
 440 -121 -171
 440 -121 -171
 440 -121 -171
 440 -121 -171
 440 -121 -171
 440 -121 -171
 440 -121 -171
 440 -121 -171
 440 -121 -171
 440 -121 -171
 440 -121 -171
 454 -117 -172
 454 -117 -172
 454 -117 -172
 454 -117 -172
 454 -117 -172
 454 -117 -172
 454 -117 -172
 454 -117 -172
 454 -117 -172
 454 -117 -172
 454 -117 -172
 454 -117 -172
 454 -117 -172
 454 -117 -172
 454 -117 -172
 454 -117 -172
 454 -117 -172
 454 -117 -172
 454 -117 -172
 454 -117 -172
 454 -117 -172
 448 -119 -171
 448 -119 -171
 448 -119 -171
 448 -119 -171
 448 -119 -171
 448 -119 -171
 448 -119 -171
 448 -119 -171
 448 -119 -171
 448 -119 -171
 448 -119 -171
 448 -119 -171
 448 -119 -171
 448 -119 -171
 448 -119 -171
 448 -119 -171
 448 -119 -171
 448 -119 -171
 448 -119 -171
 448 -119 -171
 447 -118 -171
 447 -118 -171
 447 -118 -171
 447 -118 -171
 447 -118 -171
 447 -118 -171
 447 -118 -171
 447 -118 -171
 447 -118 -171
 447 -118 -171
 447 -118 -171
 447 -118 -171
 447 -118 -171
 447 -118 -171
 447 -118 -171
 447 -118 -171
 447 -118 -171
 447 -118 -171
 447 -118 -171
 447 -118 -171
 447 -118 -171
 456 -117 -175
 456 -117 -175
 456 -117 -175
 456 -117 -175
 456 -117 -175
 456 -117 -175
 456 -117 -175
 456 -117 -175
 456 -117 -175
 456 -117 -175
 456 -117 -175
 456 -117 -175
 456 -117 -175
 456 -117 -175
 456 -117 -175
 456 -117 -175
 456 -117 -175
 456 -117 -175
 456 -117 -175
 456 -117 -175
 456 -117 -175
 456 -117 -175
 456 -117 -175
 456 -117 -175
 456 -117 -175
 456 -117 -175
 456 -117 -175
 456 -117 -175
 456 -117 -175
 456 -117 -175
 456 -117 -175
 456 -117 -175
 456 -117 -175
 456 -117 -175
 456 -117 -175
 456 -117 -175
 456 -117 -175
 456 -117 -175
 456 -117 -175
 456 -117 -175
 456 -117 -175
 455 -116 -173
 455 -116 -173
 455 -116 -173
 455 -116 -173
 455 -116 -173
 455 -116 -173
 455 -116 -173
 455 -116 -173
 455 -116 -173
 455 -116 -173
 455 -116 -173
 455 -116 -173
 455 -116 -173
 455 -116 -173
 455 -116 -173
 455 -116 -173
 455 -116 -173
 455 -116 -173
 455 -116 -173
 455 -116 -173
 455 -116 -173
 447 -121 -169
 447 -121 -169
 447 -121 -169
 447 -121 -169
 447 -121 -169
 447 -121 -169
 447 -121 -169
 447 -121 -169
 447 -121 -169
 447 -121 -169
 447 -121 -169
 447 -121 -169
 447 -121 -169
 447 -121 -169
 447 -121 -169
 447 -121 -169
 447 -121 -169
 447 -121 -169
 447 -121 -169
 447 -121 -169
 447 -119 -169
 449 -119 -174
 449 -119 -174
 449 -119 -174
 449 -119 -174
 449 -119 -174
 449 -119 -174
 449 -119 -174
 449 -119 -174
 449 -119 -174
 449 -119 -174
 449 -119 -174
 449 -119 -174
 449 -119 -174
 449 -119 -174
 449 -119 -174
 449 -119 -174
 449 -119 -174
 449 -119 -174
 449 -119 -174
 449 -119 -174
 454 -114 -174
 454 -114 -174
 454 -114 -174
 454 -114 -174
 454 -114 -174
 454 -114 -174
 454 -114 -174
 454 -114 -174
 454 -114 -174
 454 -114 -174
 454 -114 -174
 454 -114 -174
 454 -114 -174
 454 -114 -174
 454 -114 -174
 454 -114 -174
 454 -114 -174
 454 -114 -174
 454 -114 -174
 454 -114 -174
 454 -114 -174
 439 -122 -164
 439 -122 -164
 439 -122 -164
 439 -122 -164
 439 -122 -164
 439 -122 -164
 439 -122 -164
 439 -122 -164
 439 -122 -164
 439 -122 -164
 439 -122 -164
 439 -122 -164
 439 -122 -164
 439 -122 -164
 439 -122 -164
 439 -122 -164
 439 -122 -164
 439 -122 -164
 439 -122 -164
 439 -122 -164
 457 -116 -175
 457 -116 -175
 457 -116 -175
 457 -116 -175
 457 -116 -175
 457 -116 -175
 457 -116 -175
 457 -116 -175
 457 -116 -175
 457 -116 -175
 457 -116 -175
 457 -116 -175
 457 -116 -175
 457 -116 -175
 457 -116 -175
 457 -116 -175
 457 -116 -175
 457 -116 -175
 457 -116 -175
 457 -116 -175
 457 -116 -175
 442 -122 -170
 442 -122 -170
 442 -122 -170
 442 -122 -170
 442 -122 -170
 442 -122 -170
 442 -122 -170
 442 -122 -170
 442 -122 -170
 442 -122 -170
 442 -122 -170
 442 -122 -170
 442 -122 -170
 442 -122 -170
 442 -122 -170
 442 -122 -170
 442 -122 -170
 442 -122 -170
 442 -122 -170
 442 -122 -170
 442 -122 -170
 450 -120 -173
 450 -120 -173
 450 -120 -173
 450 -120 -173
 450 -120 -173
 450 -120 -173
 450 -120 -173
 450 -120 -173
 450 -120 -173
 450 -120 -173
 450 -120 -173
 450 -120 -173
 450 -120 -173
 450 -120 -173
 450 -120 -173
 450 -120 -173
 450 -120 -173
 450 -120 -173
 450 -120 -173
 450 -120 -173
 455 -118 -173
 455 -118 -173
 455 -118 -173
 455 -118 -173
 455 -118 -173
 455 -118 -173
 455 -118 -173
 455 -118 -173
 455 -118 -173
 455 -118 -173
 455 -118 -173
 455 -118 -173
 455 -118 -173
 455 -118 -173
 455 -118 -173
 455 -118 -173
 455 -118 -173
 455 -118 -173
 455 -118 -173
 455 -118 -173
 455 -118 -173
 441 -119 -170
 441 -119 -170
 441 -119 -170
 441 -119 -170
 441 -119 -170
 441 -119 -170
 441 -119 -170
 441 -119 -170
 441 -119 -170
 441 -119 -170
 441 -119 -170
 441 -119 -170
 441 -119 -170
 441 -119 -170
 441 -119 -170
 441 -119 -170
 441 -119 -170
 441 -119 -170
 441 -119 -170
 441 -119 -170
 441 -119 -170
 460 -115 -177
 460 -115 -177
 460 -115 -177
 460 -115 -177
 460 -115 -177
 460 -115 -177
 460 -115 -177
 460 -115 -177
 460 -115 -177
 460 -115 -177
 460 -115 -177
 460 -115 -177
 460 -115 -177
 460 -115 -177
 460 -115 -177
 460 -115 -177
 460 -115 -177
 460 -115 -177
 460 -115 -177
 460 -115 -177
 442 -118 -171
 442 -118 -171
 442 -118 -171
 442 -118 -171
 442 -118 -171
 442 -118 -171
 442 -118 -171
 442 -118 -171
 442 -118 -171
 442 -118 -171
 442 -118 -171
 442 -118 -171
 442 -118 -171
 442 -118 -171
 442 -118 -171
 442 -118 -171
 442 -118 -171
 442 -118 -171
 442 -118 -171
 442 -118 -171
 442 -118 -171
 452 -118 -169
 452 -118 -169
 452 -118 -169
 452 -118 -169
 452 -118 -169
 452 -118 -169
 452 -118 -169
 452 -118 -169
 452 -118 -169
 452 -118 -169
 452 -118 -169
 452 -118 -169
 452 -118 -169
 452 -118 -169
 452 -118 -169
 452 -118 -169
 452 -118 -169
 452 -118 -169
 452 -118 -169
 452 -118 -169
 452 -118 -169
 452 -118 -169
 452 -118 -169
 452 -118 -169
 452 -118 -169
 452 -118 -169
 452 -118 -169
 452 -118 -169
 452 -118 -169
 452 -118 -169
 452 -118 -169
 452 -118 -169
 452 -118 -169
 452 -118 -169
 452 -118 -169
 452 -118 -169
 452 -118 -169
 452 -118 -169
 452 -118 -169
 452 -118 -169
 452 -118 -169
 440 -120 -171
 440 -120 -171
 440 -120 -171
 440 -120 -171
 440 -120 -171
 440 -120 -171
 440 -120 -171
 440 -120 -171
 440 -120 -171
 440 -120 -171
 440 -120 -171
 440 -120 -171
 440 -120 -171
 440 -120 -171
 440 -120 -171
 440 -120 -171
 440 -120 -171
 440 -120 -171
 440 -120 -171
 440 -120 -171
 440 -120 -171
 460 -115 -177
 460 -115 -177
 460 -115 -177
 460 -115 -177
 460 -115 -177
 460 -115 -177
 460 -115 -177
 460 -115 -177
 460 -115 -177
 460 -115 -177
 460 -115 -177
 460 -115 -177
 460 -115 -177
 460 -115 -177
 460 -115 -177
 460 -115 -177
 460 -115 -177
 460 -115 -177
 460 -115 -177
 460 -115 -177
 443 -121 -171
 443 -121 -171
 443 -121 -171
 443 -121 -171
 443 -121 -171
 443 -121 -171
 443 -121 -171
 443 -121 -171
 443 -121 -171
 443 -121 -171
 443 -121 -171
 443 -121 -171
 443 -121 -171
 443 -121 -171
 443 -121 -171
 443 -121 -171
 443 -121 -171
 443 -121 -171
 443 -121 -171
 443 -121 -171
 443 -121 -171
 453 -119 -172
 453 -119 -172
 453 -119 -172
 453 -119 -172
 453 -119 -172
 453 -119 -172
 453 -119 -172
 453 -119 -172
 453 -119 -172
 453 -119 -172
 453 -119 -172
 453 -119 -172
 453 -119 -172
 453 -119 -172
