# Created by Octave 5.1.0, Wed Jun 19 00:00:18 2019 GMT <unknown@DESKTOP-CFK5EOT>
# name: acc
# type: matrix
# rows: 1
# columns: 3
 71 -106 -32


# name: acc_data
# type: matrix
# rows: 100
# columns: 3
 -20 20 118
 -20 20 118
 -35 125 35
 41 104 -64
 22 37 -126
 15 -4 -130
 21 110 -81
 74 104 8
 118 45 -6
 99 -17 -89
 40 -25 -123
 -80 -17 -109
 -131 -11 -35
 -123 0 44
 -132 -11 -21
 -95 -24 -91
 -3 -46 -127
 19 -104 -76
 30 -127 -7
 18 -122 21
 32 -114 41
 20 -105 60
 2 -78 93
 -36 -72 94
 -71 -65 76
 -94 -57 63
 -111 -53 37
 -122 -49 12
 -122 -51 -19
 -117 -45 -44
 -107 -43 -67
 -96 -38 -86
 -78 -26 -106
 -39 -10 -129
 -19 14 -129
 -17 47 -121
 -7 73 -113
 -21 113 -71
 -43 118 -4
 -79 96 26
 -110 52 42
 -103 61 47
 -78 106 -29
 -68 -19 -113
 -21 -111 -62
 -4 -129 -19
 11 -108 64
 -18 -20 119
 -90 13 84
 -107 51 55
 -122 43 19
 -118 31 44
 -25 -13 119
 14 -84 86
 4 -125 -34
 -43 -61 -110
 -87 -23 -101
 -72 -19 -110
 -129 -14 -26
 -104 -38 66
 -101 -75 24
 -57 -74 -99
 10 -45 -123
 107 -25 -73
 125 -14 -35
 110 -35 47
 60 9 114
 109 58 -36
 39 52 -115
 19 41 -125
 89 29 -94
 120 32 -32
 128 7 25
 88 0 87
 82 69 53
 97 56 -63
 111 38 -61
 45 -93 -87
 -17 -119 -80
 77 -78 -74
 129 -13 11
 81 -22 -107
 48 -6 -137
 96 27 67
 35 37 120
 101 -39 -78
 40 23 -124
 27 77 79
 -17 30 128
 10 88 63
 30 121 30
 43 116 -32
 41 81 -87
 48 41 -115
 42 23 -123
 60 -34 -113
 61 -99 -59
 65 -109 -36
 62 -104 -19
 71 -106 -32


# name: ans
# type: scalar
7


# name: compass
# type: matrix
# rows: 1
# columns: 3
 -55 237 186


# name: count
# type: scalar
20


# name: gyro
# type: matrix
# rows: 1
# columns: 4
 -97 -34 7 -14518


# name: i
# type: scalar
100


# name: s1
# type: octave_serial
