# Created by Octave 5.1.0, Wed Jun 19 01:41:29 2019 GMT <unknown@DESKTOP-CFK5EOT>
# name: gyro_data
# type: matrix
# rows: 1000
# columns: 4
 14 -59 -10 -15553
 14 -60 -10 -15549
 14 -60 -10 -15549
 14 -59 -10 -15541
 14 -59 -10 -15541
 14 -59 -10 -15541
 14 -59 -10 -15535
 14 -59 -10 -15535
 14 -59 -10 -15532
 14 -59 -10 -15532
 14 -59 -10 -15532
 14 -59 -10 -15532
 14 -59 -10 -15532
 14 -59 -10 -15537
 14 -59 -10 -15537
 14 -59 -10 -15537
 14 -59 -10 -15544
 14 -59 -10 -15544
 14 -59 -10 -15550
 14 -59 -10 -15550
 14 -60 -10 -15552
 14 -60 -10 -15552
 14 -60 -10 -15552
 14 -59 -10 -15554
 14 -59 -10 -15554
 14 -59 -10 -15554
 14 -59 -10 -15554
 14 -59 -10 -15554
 14 -59 -10 -15548
 14 -59 -10 -15548
 15 -59 -10 -15553
 15 -59 -10 -15553
 15 -59 -10 -15553
 15 -59 -10 -15557
 15 -59 -10 -15557
 14 -59 -10 -15558
 14 -59 -10 -15558
 15 -59 -10 -15556
 15 -59 -10 -15556
 15 -59 -10 -15556
 14 -59 -10 -15553
 14 -59 -10 -15553
 15 -59 -10 -15554
 15 -59 -10 -15554
 14 -59 -10 -15554
 14 -59 -10 -15555
 14 -59 -10 -15555
 14 -59 -10 -15556
 14 -59 -10 -15556
 14 -59 -10 -15558
 14 -59 -10 -15558
 14 -59 -10 -15558
 14 -60 -9 -15555
 14 -60 -9 -15555
 14 -59 -10 -15549
 14 -59 -10 -15549
 14 -59 -10 -15549
 14 -60 -10 -15548
 14 -60 -10 -15548
 14 -59 -10 -15555
 14 -59 -10 -15555
 14 -60 -10 -15555
 14 -60 -10 -15557
 14 -60 -10 -15557
 14 -59 -10 -15562
 14 -59 -10 -15562
 14 -59 -10 -15562
 14 -59 -10 -15562
 14 -59 -10 -15562
 14 -59 -10 -15557
 14 -59 -10 -15557
 14 -59 -10 -15555
 14 -59 -10 -15555
 14 -59 -10 -15555
 15 -60 -10 -15557
 15 -60 -10 -15557
 15 -59 -10 -15557
 15 -59 -10 -15557
 14 -60 -10 -15558
 14 -60 -10 -15558
 14 -60 -10 -15558
 14 -59 -10 -15557
 14 -59 -10 -15557
 14 -60 -10 -15557
 14 -60 -10 -15557
 14 -60 -10 -15557
 14 -59 -10 -15560
 14 -59 -10 -15560
 15 -60 -10 -15563
 15 -60 -10 -15563
 14 -60 -10 -15563
 14 -60 -10 -15560
 14 -60 -10 -15560
 14 -60 -10 -15557
 14 -60 -10 -15557
 14 -60 -10 -15559
 14 -60 -10 -15559
 14 -60 -10 -15559
 14 -60 -10 -15553
 14 -60 -10 -15553
 15 -60 -10 -15547
 15 -60 -10 -15547
 15 -60 -10 -15547
 15 -59 -10 -15550
 15 -59 -10 -15550
 14 -60 -10 -15554
 14 -60 -10 -15554
 14 -59 -10 -15556
 14 -59 -10 -15556
 14 -59 -10 -15556
 15 -60 -10 -15554
 15 -60 -10 -15554
 14 -60 -10 -15554
 14 -60 -10 -15554
 14 -60 -10 -15554
 14 -60 -10 -15553
 14 -60 -10 -15553
 14 -59 -10 -15550
 14 -59 -10 -15550
 14 -59 -10 -15550
 14 -60 -10 -15547
 14 -60 -10 -15547
 14 -59 -10 -15549
 14 -59 -10 -15549
 14 -60 -10 -15544
 14 -60 -10 -15544
 14 -60 -10 -15544
 14 -60 -10 -15544
 14 -60 -10 -15544
 14 -60 -10 -15545
 14 -60 -10 -15545
 14 -60 -10 -15545
 14 -60 -10 -15552
 14 -60 -10 -15552
 14 -60 -10 -15552
 14 -60 -10 -15552
 14 -60 -10 -15552
 14 -60 -10 -15548
 14 -60 -10 -15548
 15 -59 -10 -15544
 15 -59 -10 -15544
 15 -59 -10 -15540
 15 -59 -10 -15540
 15 -59 -10 -15540
 15 -59 -10 -15546
 15 -59 -10 -15546
 14 -59 -10 -15549
 14 -59 -10 -15549
 14 -59 -10 -15549
 14 -59 -10 -15552
 14 -59 -10 -15552
 15 -59 -10 -15554
 15 -59 -10 -15554
 14 -59 -10 -15552
 14 -59 -10 -15552
 14 -59 -10 -15552
 15 -60 -10 -15549
 15 -60 -10 -15549
 14 -59 -10 -15542
 14 -59 -10 -15542
 14 -59 -10 -15542
 15 -60 -9 -15544
 15 -60 -9 -15544
 14 -60 -9 -15548
 14 -60 -9 -15548
 14 -60 -10 -15548
 14 -60 -10 -15552
 14 -60 -10 -15552
 14 -60 -10 -15554
 14 -60 -10 -15554
 14 -59 -10 -15558
 14 -59 -10 -15558
 14 -59 -10 -15558
 14 -60 -10 -15555
 14 -60 -10 -15555
 14 -59 -10 -15554
 14 -59 -10 -15554
 14 -59 -10 -15554
 14 -60 -10 -15550
 14 -60 -10 -15550
 14 -59 -10 -15550
 14 -59 -10 -15550
 14 -60 -10 -15550
 14 -60 -10 -15549
 14 -60 -10 -15549
 14 -59 -10 -15542
 14 -59 -10 -15542
 15 -60 -10 -15540
 15 -60 -10 -15540
 15 -60 -10 -15540
 14 -59 -10 -15538
 14 -59 -10 -15538
 14 -59 -10 -15545
 14 -59 -10 -15545
 14 -59 -10 -15545
 14 -59 -10 -15549
 14 -59 -10 -15549
 14 -59 -10 -15547
 14 -59 -10 -15547
 14 -59 -10 -15552
 14 -59 -10 -15552
 14 -59 -10 -15552
 14 -59 -9 -15553
 14 -59 -9 -15553
 14 -60 -10 -15554
 14 -60 -10 -15554
 14 -60 -10 -15554
 14 -59 -10 -15556
 14 -59 -10 -15556
 14 -59 -10 -15549
 14 -59 -10 -15549
 14 -59 -10 -15549
 14 -59 -10 -15548
 14 -59 -10 -15548
 14 -59 -10 -15543
 14 -59 -10 -15543
 14 -59 -10 -15545
 14 -59 -10 -15545
 14 -59 -10 -15545
 14 -59 -10 -15547
 14 -59 -10 -15547
 14 -59 -10 -15545
 14 -59 -10 -15545
 14 -59 -10 -15545
 15 -59 -10 -15546
 15 -59 -10 -15546
 14 -59 -10 -15542
 14 -59 -10 -15542
 15 -59 -10 -15547
 15 -59 -10 -15547
 15 -59 -10 -15547
 14 -59 -10 -15552
 14 -59 -10 -15552
 15 -60 -10 -15555
 15 -60 -10 -15555
 15 -60 -10 -15555
 14 -59 -10 -15552
 14 -59 -10 -15552
 14 -59 -10 -15551
 14 -59 -10 -15551
 14 -59 -10 -15551
 14 -59 -10 -15547
 14 -59 -10 -15547
 15 -59 -10 -15549
 15 -59 -10 -15549
 15 -60 -10 -15550
 15 -60 -10 -15550
 15 -60 -10 -15550
 15 -59 -10 -15552
 15 -59 -10 -15552
 14 -60 -10 -15551
 14 -60 -10 -15551
 14 -60 -10 -15551
 14 -59 -10 -15550
 14 -59 -10 -15550
 14 -59 -10 -15550
 14 -59 -10 -15550
 14 -59 -10 -15550
 14 -59 -10 -15548
 14 -59 -10 -15548
 14 -59 -10 -15541
 14 -59 -10 -15541
 14 -59 -10 -15547
 14 -59 -10 -15547
 14 -59 -10 -15547
 14 -59 -10 -15546
 14 -59 -10 -15546
 14 -59 -10 -15544
 14 -59 -10 -15544
 14 -59 -10 -15544
 14 -59 -10 -15547
 14 -59 -10 -15547
 14 -59 -10 -15552
 14 -59 -10 -15552
 14 -59 -10 -15552
 14 -59 -10 -15552
 14 -59 -10 -15552
 14 -59 -10 -15550
 14 -59 -10 -15550
 14 -59 -10 -15551
 14 -59 -10 -15551
 14 -59 -10 -15551
 14 -60 -10 -15553
 14 -60 -10 -15553
 14 -59 -10 -15553
 14 -59 -10 -15553
 14 -59 -10 -15553
 14 -59 -10 -15555
 14 -59 -10 -15555
 14 -59 -9 -15554
 14 -59 -9 -15554
 14 -59 -10 -15554
 14 -59 -10 -15554
 14 -59 -10 -15554
 14 -59 -10 -15558
 14 -59 -10 -15558
 14 -60 -9 -15554
 14 -60 -9 -15554
 14 -60 -9 -15554
 14 -60 -9 -15549
 14 -60 -9 -15549
 14 -60 -10 -15553
 14 -60 -10 -15553
 14 -59 -10 -15554
 14 -59 -10 -15554
 14 -59 -10 -15554
 14 -59 -9 -15556
 14 -59 -9 -15556
 14 -59 -9 -15557
 14 -59 -9 -15557
 14 -59 -9 -15557
 14 -59 -9 -15557
 14 -59 -9 -15557
 14 -60 -9 -15557
 14 -60 -9 -15557
 14 -60 -10 -15557
 14 -59 -10 -15555
 14 -59 -10 -15555
 14 -60 -10 -15550
 14 -60 -10 -15550
 14 -59 -10 -15548
 14 -59 -10 -15548
 14 -59 -10 -15548
 14 -60 -10 -15549
 14 -60 -10 -15549
 14 -59 -10 -15547
 14 -59 -10 -15547
 14 -59 -10 -15547
 14 -60 -10 -15549
 14 -60 -10 -15549
 14 -59 -10 -15551
 14 -59 -10 -15551
 14 -59 -10 -15551
 14 -59 -10 -15553
 14 -59 -10 -15553
 14 -59 -10 -15555
 14 -59 -10 -15555
 14 -59 -10 -15555
 14 -59 -10 -15555
 14 -59 -10 -15555
 14 -60 -10 -15557
 14 -60 -10 -15557
 14 -60 -10 -15556
 14 -60 -10 -15556
 14 -60 -10 -15556
 14 -59 -10 -15556
 14 -59 -10 -15556
 14 -59 -10 -15558
 14 -59 -10 -15558
 14 -60 -10 -15563
 14 -60 -10 -15563
 14 -60 -10 -15563
 14 -60 -10 -15556
 14 -60 -10 -15556
 14 -60 -10 -15554
 14 -60 -10 -15554
 14 -60 -10 -15554
 14 -60 -10 -15554
 14 -60 -10 -15554
 14 -60 -10 -15554
 14 -60 -10 -15554
 14 -60 -10 -15554
 14 -60 -10 -15555
 14 -60 -10 -15555
 15 -60 -10 -15557
 15 -60 -10 -15557
 15 -60 -10 -15557
 15 -60 -10 -15557
 15 -60 -10 -15557
 15 -59 -10 -15560
 15 -59 -10 -15560
 15 -59 -10 -15560
 15 -59 -10 -15560
 15 -59 -10 -15560
 15 -59 -10 -15558
 15 -59 -10 -15558
 15 -59 -10 -15555
 15 -59 -10 -15555
 15 -59 -10 -15555
 15 -59 -10 -15555
 15 -59 -10 -15555
 15 -59 -10 -15557
 15 -59 -10 -15557
 15 -59 -10 -15557
 15 -59 -10 -15557
 15 -59 -10 -15557
 14 -59 -10 -15557
 14 -59 -10 -15557
 14 -58 -10 -15558
 14 -58 -10 -15558
 14 -58 -10 -15558
 14 -59 -10 -15563
 14 -59 -10 -15563
 14 -58 -10 -15564
 14 -58 -10 -15564
 14 -59 -10 -15558
 14 -59 -10 -15558
 14 -59 -10 -15558
 14 -59 -10 -15561
 14 -59 -10 -15561
 14 -59 -10 -15557
 14 -59 -10 -15557
 14 -59 -10 -15557
 14 -59 -10 -15555
 14 -59 -10 -15555
 14 -59 -9 -15552
 14 -59 -9 -15552
 14 -59 -9 -15552
 14 -59 -9 -15552
 14 -59 -9 -15552
 14 -59 -9 -15554
 14 -59 -9 -15554
 14 -60 -10 -15555
 14 -60 -10 -15555
 14 -60 -10 -15555
